0 0.3248697916666667 0.22265625 0.12890625 0.041015625
0 0.3528645833333333 0.19384765625 0.14583333333333334 0.0322265625
0 0.3854166666666667 0.34521484375 0.11979166666666667 0.037109375
0 0.3841145833333333 0.12890625 0.11979166666666667 0.0341796875
0 0.4114583333333333 0.419921875 0.14322916666666666 0.041015625
0 0.3828125 0.14453125 0.11067708333333333 0.03515625
0 0.400390625 0.1025390625 0.140625 0.0341796875
0 0.4420572916666667 0.2646484375 0.18098958333333334 0.0400390625
0 0.443359375 0.22607421875 0.17447916666666666 0.0419921875
0 0.4348958333333333 0.36962890625 0.12239583333333333 0.037109375
0 0.4700520833333333 0.18115234375 0.16276041666666666 0.021484375
0 0.6217447916666666 0.78369140625 0.24609375 0.1171875
0 0.513671875 0.13916015625 0.07161458333333333 0.0224609375
0 0.5266927083333334 0.095703125 0.09244791666666667 0.0224609375
0 0.6223958333333334 0.509765625 0.18489583333333334 0.06640625
0 0.5533854166666666 0.07373046875 0.0625 0.0205078125
0 0.5598958333333334 0.04541015625 0.059895833333333336 0.015625
0 0.6490885416666666 0.3583984375 0.13541666666666666 0.037109375
0 0.6373697916666666 0.2529296875 0.109375 0.0283203125
0 0.6497395833333334 0.2978515625 0.12890625 0.0322265625
0 0.6354166666666666 0.212890625 0.10416666666666667 0.0234375
0 0.6263020833333334 0.10791015625 0.07552083333333333 0.021484375
0 0.62890625 0.11474609375 0.08072916666666667 0.021484375
0 0.654296875 0.177734375 0.09895833333333333 0.01953125
0 0.6419270833333334 0.0859375 0.07291666666666667 0.015625
0 0.658203125 0.1591796875 0.08463541666666667 0.0146484375
0 0.658203125 0.1357421875 0.08333333333333333 0.0244140625
0 0.6751302083333334 0.41455078125 0.08984375 0.06640625
0 0.6575520833333334 0.12451171875 0.078125 0.0224609375
0 0.6595052083333334 0.0419921875 0.06640625 0.0205078125
0 0.6653645833333334 0.06298828125 0.06640625 0.0185546875
0 0.7571614583333334 0.1123046875 0.08723958333333333 0.0224609375
0 0.7669270833333334 0.0732421875 0.10546875 0.025390625
0 0.7565104166666666 0.01904296875 0.06640625 0.013671875
0 0.7734375 0.04052734375 0.07161458333333333 0.0166015625
0 0.818359375 0.220703125 0.12239583333333333 0.0322265625
0 0.8111979166666666 0.16015625 0.10807291666666667 0.01953125
0 0.787109375 0.04541015625 0.044270833333333336 0.01953125
0 0.826171875 0.1826171875 0.10416666666666667 0.0283203125
0 0.8561197916666666 0.27197265625 0.15234375 0.037109375
0 0.8697916666666666 0.32373046875 0.17057291666666666 0.0390625
0 0.888671875 0.3662109375 0.17317708333333334 0.0458984375
0 0.9140625 0.39990234375 0.15625 0.0458984375
0 0.9446614583333334 0.80126953125 0.10807291666666667 0.1044921875
0 0.9388020833333334 0.515625 0.11979166666666667 0.05859375