0 0.251953125 0.255859375 0.13541666666666666 0.0595703125
0 0.271484375 0.22314453125 0.14973958333333334 0.0537109375
0 0.3450520833333333 0.3662109375 0.12630208333333334 0.0546875
0 0.2838541666666667 0.15478515625 0.125 0.0517578125
0 0.390625 0.435546875 0.14973958333333334 0.0625
0 0.287109375 0.1708984375 0.11588541666666667 0.05078125
0 0.2923177083333333 0.126953125 0.14453125 0.0546875
0 0.3782552083333333 0.27880859375 0.18489583333333334 0.0673828125
0 0.369140625 0.2412109375 0.1796875 0.068359375
0 0.400390625 0.38232421875 0.12890625 0.0556640625
0 0.3821614583333333 0.19287109375 0.16276041666666666 0.046875
0 0.6979166666666666 0.7587890625 0.26953125 0.1513671875
0 0.4134114583333333 0.14501953125 0.07552083333333333 0.033203125
0 0.4140625 0.1005859375 0.09505208333333333 0.0361328125
0 0.6223958333333334 0.49072265625 0.19661458333333334 0.0927734375
0 0.4342447916666667 0.07470703125 0.06510416666666667 0.029296875
0 0.4329427083333333 0.04638671875 0.061197916666666664 0.0244140625
0 0.6067708333333334 0.33837890625 0.140625 0.056640625
0 0.5657552083333334 0.23681640625 0.11328125 0.0439453125
0 0.58984375 0.27880859375 0.1328125 0.0517578125
0 0.552734375 0.19775390625 0.10677083333333333 0.0390625
0 0.5143229166666666 0.0966796875 0.07942708333333333 0.0322265625
0 0.5188802083333334 0.10302734375 0.08333333333333333 0.033203125
0 0.5618489583333334 0.1611328125 0.1015625 0.0341796875
0 0.5240885416666666 0.07275390625 0.07552083333333333 0.0263671875
0 0.5598958333333334 0.14208984375 0.0859375 0.0283203125
0 0.5540364583333334 0.119140625 0.0859375 0.0361328125
0 0.6477864583333334 0.38916015625 0.10546875 0.078125
0 0.5501302083333334 0.1083984375 0.08072916666666667 0.0341796875
0 0.5286458333333334 0.02685546875 0.0703125 0.0302734375
0 0.5403645833333334 0.046875 0.06901041666666667 0.0283203125
0 0.6438802083333334 0.08056640625 0.08984375 0.03515625
0 0.642578125 0.041015625 0.109375 0.041015625
0 0.6399739583333334 0.01123046875 0.07421875 0.0224609375
0 0.734375 0.17724609375 0.12630208333333334 0.0498046875
0 0.7102864583333334 0.119140625 0.109375 0.03515625
0 0.6549479166666666 0.01220703125 0.049479166666666664 0.0244140625
0 0.7311197916666666 0.13916015625 0.10807291666666667 0.04296875
0 0.7845052083333334 0.22119140625 0.15755208333333334 0.0595703125
0 0.8125 0.27001953125 0.17447916666666666 0.0634765625
0 0.8430989583333334 0.30810546875 0.1796875 0.0712890625
0 0.876953125 0.33740234375 0.1640625 0.068359375
0 0.9752604166666666 0.72412109375 0.046875 0.1201171875
0 0.9329427083333334 0.44677734375 0.13151041666666666 0.0751953125