0 0.419921875 0.19921875 0.13411458333333334 0.056640625
0 0.4563802083333333 0.17626953125 0.14973958333333334 0.05078125
0 0.4388020833333333 0.3291015625 0.125 0.0517578125
0 0.5078125 0.11865234375 0.125 0.048828125
0 0.439453125 0.40625 0.14973958333333334 0.05859375
0 0.5013020833333334 0.13427734375 0.11588541666666667 0.048828125
0 0.53125 0.09619140625 0.14453125 0.0517578125
0 0.51953125 0.26123046875 0.18489583333333334 0.0625
0 0.533203125 0.22412109375 0.1796875 0.0634765625
0 0.4791666666666667 0.361328125 0.12760416666666666 0.052734375
0 0.5735677083333334 0.18505859375 0.1640625 0.0419921875
0 0.5266927083333334 0.79736328125 0.2669270833333333 0.146484375
0 0.6295572916666666 0.15234375 0.07552083333333333 0.03125
0 0.65625 0.11279296875 0.09505208333333333 0.033203125
0 0.6158854166666666 0.53173828125 0.1953125 0.0888671875
0 0.689453125 0.09619140625 0.06510416666666667 0.02734375
0 0.705078125 0.06982421875 0.061197916666666664 0.0224609375
0 0.6901041666666666 0.3896484375 0.140625 0.0537109375
0 0.712890625 0.28515625 0.11197916666666667 0.0419921875
0 0.7102864583333334 0.3310546875 0.1328125 0.0478515625
0 0.7239583333333334 0.24609375 0.10677083333333333 0.0361328125
0 0.7486979166666666 0.14208984375 0.07942708333333333 0.0302734375
0 0.7493489583333334 0.1494140625 0.08333333333333333 0.03125
0 0.7532552083333334 0.21533203125 0.1015625 0.0322265625
0 0.771484375 0.1240234375 0.07552083333333333 0.0244140625
0 0.7630208333333334 0.19775390625 0.0859375 0.025390625
0 0.7708333333333334 0.17529296875 0.0859375 0.0341796875
0 0.6979166666666666 0.44873046875 0.10286458333333333 0.076171875
0 0.7740885416666666 0.16455078125 0.08072916666666667 0.0322265625
0 0.8020833333333334 0.08447265625 0.0703125 0.0283203125
0 0.8014322916666666 0.10595703125 0.06901041666666667 0.0263671875
0 0.8743489583333334 0.17041015625 0.08984375 0.033203125
0 0.896484375 0.13427734375 0.10807291666666667 0.0380859375
0 0.904296875 0.07958984375 0.06770833333333333 0.0224609375
0 0.9134114583333334 0.10400390625 0.07291666666666667 0.025390625
0 0.8990885416666666 0.287109375 0.12630208333333334 0.046875
0 0.9114583333333334 0.2265625 0.109375 0.033203125
0 0.92578125 0.11083984375 0.046875 0.025390625
0 0.9186197916666666 0.25146484375 0.10807291666666667 0.041015625
0 0.9186197916666666 0.34326171875 0.15625 0.0556640625
0 0.9134114583333334 0.396484375 0.17057291666666666 0.060546875
0 0.9147135416666666 0.4404296875 0.16796875 0.068359375
0 0.92578125 0.47802734375 0.14583333333333334 0.0654296875
0 0.8424479166666666 0.87451171875 0.14583333333333334 0.1171875
0 0.9225260416666666 0.59423828125 0.1328125 0.072265625