0 0.11376953125 0.16640866873065016 0.1884765625 0.3328173374613003
0 0.11669921875 0.46904024767801855 0.158203125 0.29876160990712075
0 0.16748046875 0.6664086687306502 0.18359375 0.23839009287925697
0 0.21044921875 0.4613003095975232 0.1337890625 0.26625386996904027
0 0.27294921875 0.8188854489164087 0.2236328125 0.2739938080495356
0 0.29443359375 0.4613003095975232 0.1064453125 0.23219814241486067
0 0.30615234375 0.6300309597523219 0.134765625 0.1873065015479876
0 0.369140625 0.47213622291021673 0.0986328125 0.21671826625386997
0 0.41650390625 0.6400928792569659 0.109375 0.15789473684210525
0 0.4384765625 0.4891640866873065 0.0888671875 0.20278637770897834
0 0.4287109375 0.8591331269349846 0.150390625 0.2786377708978328
0 0.509765625 0.5139318885448917 0.0888671875 0.20123839009287925
0 0.52001953125 0.68343653250774 0.1015625 0.15789473684210525
0 0.56884765625 0.5464396284829721 0.0966796875 0.20278637770897834
0 0.5771484375 0.8931888544891641 0.19921875 0.21052631578947367
0 0.630859375 0.5835913312693498 0.1025390625 0.21517027863777088
0 0.6162109375 0.7592879256965944 0.12109375 0.1826625386996904
0 0.67041015625 0.42105263157894735 0.111328125 0.20123839009287925
0 0.701171875 0.6331269349845201 0.111328125 0.22910216718266255
0 0.73779296875 0.8862229102167183 0.1826171875 0.22445820433436534
0 0.77197265625 0.6989164086687306 0.1357421875 0.2678018575851393
0 0.85205078125 0.7778637770897833 0.1630859375 0.3111455108359133
0 0.935546875 0.5054179566563467 0.126953125 0.3235294117647059