0 0.09326171875 0.2236842105263158 0.1708984375 0.32972136222910214
0 0.11669921875 0.5325077399380805 0.1435546875 0.2848297213622291
0 0.18017578125 0.7205882352941176 0.1748046875 0.21517027863777088
0 0.20947265625 0.5092879256965944 0.12109375 0.25386996904024767
0 0.29541015625 0.8544891640866873 0.2138671875 0.24613003095975233
0 0.29296875 0.4953560371517028 0.0947265625 0.22445820433436534
0 0.3154296875 0.6609907120743034 0.1279296875 0.17182662538699692
0 0.3681640625 0.4938080495356037 0.087890625 0.2089783281733746
0 0.42626953125 0.653250773993808 0.1025390625 0.14551083591331268
0 0.43798828125 0.5 0.078125 0.19659442724458204
0 0.453125 0.8676470588235294 0.13671875 0.26160990712074306
0 0.5107421875 0.5116099071207431 0.078125 0.19504643962848298
0 0.5322265625 0.6787925696594427 0.0947265625 0.14705882352941177
0 0.5712890625 0.5348297213622291 0.0869140625 0.19504643962848298
0 0.60498046875 0.891640866873065 0.1884765625 0.21362229102167182
0 0.6357421875 0.5611455108359134 0.091796875 0.20743034055727555
0 0.6328125 0.7391640866873065 0.11328125 0.17027863777089783
0 0.6640625 0.3931888544891641 0.1015625 0.19040247678018576
0 0.70849609375 0.5990712074303406 0.099609375 0.21981424148606812
0 0.76171875 0.8459752321981424 0.173828125 0.20278637770897834
0 0.78369140625 0.6524767801857585 0.1220703125 0.25541795665634676
0 0.86865234375 0.7174922600619195 0.1484375 0.29566563467492263
0 0.9384765625 0.4295665634674923 0.12109375 0.3111455108359133