0 0.08447265625 0.25773993808049533 0.1611328125 0.3188854489164087
0 0.11865234375 0.5642414860681114 0.1357421875 0.2755417956656347
0 0.18798828125 0.7469040247678018 0.169921875 0.20278637770897834
0 0.2099609375 0.5332817337461301 0.1142578125 0.2476780185758514
0 0.30712890625 0.8707430340557275 0.208984375 0.23219814241486067
0 0.29296875 0.5123839009287926 0.087890625 0.21826625386996903
0 0.3212890625 0.6764705882352942 0.1240234375 0.16253869969040247
0 0.3681640625 0.5054179566563467 0.08203125 0.2043343653250774
0 0.431640625 0.6594427244582043 0.099609375 0.13777089783281735
0 0.4384765625 0.5046439628482973 0.072265625 0.19195046439628483
0 0.46533203125 0.8707430340557275 0.1298828125 0.25541795665634676
0 0.51123046875 0.5108359133126935 0.072265625 0.19040247678018576
0 0.5380859375 0.6756965944272446 0.0908203125 0.14086687306501547
0 0.572265625 0.5286377708978328 0.0810546875 0.19040247678018576
0 0.619140625 0.8900928792569659 0.181640625 0.21671826625386997
0 0.6376953125 0.5503095975232198 0.0859375 0.20123839009287925
0 0.640625 0.7275541795665634 0.109375 0.16253869969040247
0 0.66015625 0.380030959752322 0.0966796875 0.18421052631578946
0 0.71142578125 0.5812693498452013 0.09375 0.21362229102167182
0 0.77294921875 0.8235294117647058 0.169921875 0.19040247678018576
0 0.78857421875 0.628482972136223 0.115234375 0.24922600619195046
0 0.875 0.6873065015479877 0.140625 0.28792569659442724
0 0.939453125 0.3931888544891641 0.119140625 0.30340557275541796