0 0.19580078125 0.06717557251908397 0.1474609375 0.13435114503816795
0 0.29345703125 0.1687022900763359 0.2255859375 0.3374045801526718
0 0.33984375 0.2366412213740458 0.0712890625 0.10381679389312977
0 0.40771484375 0.3534351145038168 0.2451171875 0.24427480916030533
0 0.4453125 0.7893129770992366 0.17578125 0.40458015267175573
0 0.68310546875 0.3282442748091603 0.2353515625 0.17251908396946564
0 0.654296875 0.5900763358778626 0.24609375 0.17251908396946564
0 0.66455078125 0.565648854961832 0.2333984375 0.1480916030534351
0 0.6240234375 0.8198473282442749 0.18359375 0.35725190839694654
0 0.8076171875 0.8824427480916031 0.173828125 0.23206106870229007
0 0.92724609375 0.3977099236641221 0.1435546875 0.10534351145038168
0 0.86767578125 0.6129770992366412 0.076171875 0.0732824427480916
0 0.94189453125 0.6541984732824427 0.099609375 0.09770992366412214