0 0.16943359375 0.08473282442748091 0.1376953125 0.16946564885496182
0 0.27490234375 0.1969465648854962 0.2119140625 0.31603053435114503
0 0.32568359375 0.2595419847328244 0.0673828125 0.09618320610687023
0 0.39990234375 0.366412213740458 0.240234375 0.2152671755725191
0 0.4619140625 0.7961832061068702 0.1572265625 0.3938931297709924
0 0.6728515625 0.3045801526717557 0.2333984375 0.1435114503816794
0 0.65869140625 0.5687022900763359 0.2451171875 0.14045801526717558
0 0.66748046875 0.5427480916030535 0.2333984375 0.11755725190839694
0 0.64306640625 0.8129770992366412 0.1650390625 0.3709923664122137
0 0.8310546875 0.8633587786259542 0.158203125 0.27022900763358776
0 0.92333984375 0.3381679389312977 0.1513671875 0.08396946564885496
0 0.87255859375 0.5625954198473282 0.07421875 0.06412213740458016
0 0.94873046875 0.5938931297709924 0.09765625 0.08549618320610687