0 0.16455078125 0.08931297709923663 0.1357421875 0.17862595419847327
0 0.27197265625 0.20305343511450383 0.2099609375 0.3114503816793893
0 0.32275390625 0.2641221374045801 0.06640625 0.09465648854961832
0 0.3984375 0.36946564885496186 0.23828125 0.21068702290076335
0 0.46484375 0.7969465648854962 0.1533203125 0.39083969465648855
0 0.67041015625 0.29923664122137406 0.2333984375 0.13740458015267176
0 0.65966796875 0.5641221374045802 0.244140625 0.13435114503816795
0 0.66796875 0.5381679389312977 0.2333984375 0.11145038167938931
0 0.64697265625 0.8114503816793893 0.1611328125 0.37404580152671757
0 0.8349609375 0.8595419847328244 0.154296875 0.2778625954198473
0 0.92236328125 0.3267175572519084 0.1533203125 0.07938931297709924
0 0.87353515625 0.5526717557251909 0.07421875 0.06259541984732825
0 0.94970703125 0.5816793893129771 0.09765625 0.08396946564885496