0 0.67919921875 0.49365234375 0.27734375 0.34375
0 0.109375 0.76318359375 0.1591796875 0.1513671875
0 0.14599609375 0.701171875 0.1669921875 0.14453125
0 0.30615234375 0.84619140625 0.3095703125 0.3056640625
0 0.27001953125 0.51904296875 0.1396484375 0.1484375
0 0.4541015625 0.69384765625 0.3359375 0.3720703125
0 0.33740234375 0.48583984375 0.1357421875 0.140625
0 0.4873046875 0.31982421875 0.1298828125 0.130859375
0 0.56103515625 0.2939453125 0.1259765625 0.1298828125
0 0.8349609375 0.5244140625 0.15625 0.166015625
0 0.89892578125 0.49853515625 0.1416015625 0.154296875
0 0.8974609375 0.283203125 0.17578125 0.2470703125
0 0.94287109375 0.47607421875 0.1123046875 0.1494140625
0 0.97412109375 0.43212890625 0.05078125 0.07421875