0 0.67626953125 0.53125 0.2373046875 0.3173828125
0 0.06787109375 0.6767578125 0.1357421875 0.134765625
0 0.11181640625 0.623046875 0.15234375 0.1259765625
0 0.23583984375 0.8095703125 0.2724609375 0.296875
0 0.27099609375 0.470703125 0.123046875 0.1337890625
0 0.41455078125 0.68017578125 0.2939453125 0.337890625
0 0.34375 0.4521484375 0.1201171875 0.1259765625
0 0.52490234375 0.3212890625 0.1162109375 0.1171875
0 0.6025390625 0.3115234375 0.1123046875 0.1162109375
0 0.82275390625 0.59326171875 0.1376953125 0.1494140625
0 0.89013671875 0.58154296875 0.125 0.1396484375
0 0.9296875 0.37109375 0.138671875 0.232421875
0 0.94482421875 0.5693359375 0.107421875 0.13671875
0 0.97802734375 0.5322265625 0.041015625 0.0703125