0 0.673828125 0.54345703125 0.2578125 0.3310546875
0 0.06396484375 0.6455078125 0.1279296875 0.14453125
0 0.10400390625 0.595703125 0.16015625 0.1357421875
0 0.21484375 0.79052734375 0.291015625 0.3134765625
0 0.27392578125 0.455078125 0.1318359375 0.1416015625
0 0.40234375 0.67333984375 0.3154296875 0.35546875
0 0.34765625 0.44140625 0.1279296875 0.1337890625
0 0.53759765625 0.3232421875 0.1240234375 0.1240234375
0 0.61572265625 0.31884765625 0.119140625 0.123046875
0 0.8154296875 0.61572265625 0.1474609375 0.158203125
0 0.8837890625 0.60888671875 0.1337890625 0.1474609375
0 0.9296875 0.40087890625 0.138671875 0.2412109375
0 0.93896484375 0.60009765625 0.1162109375 0.142578125
0 0.974609375 0.5654296875 0.0458984375 0.072265625