0 0.15234375 0.8323529411764706 0.1083984375 0.22794117647058823
0 0.25 0.8272058823529411 0.1015625 0.18529411764705883
0 0.37841796875 0.7676470588235295 0.103515625 0.09411764705882353
0 0.47265625 0.7639705882352941 0.05859375 0.15735294117647058
0 0.5625 0.7294117647058823 0.0673828125 0.14411764705882352
0 0.64599609375 0.7088235294117647 0.0703125 0.15441176470588236
0 0.6845703125 0.2735294117647059 0.119140625 0.17352941176470588
0 0.6953125 0.21176470588235294 0.1005859375 0.2235294117647059
0 0.73779296875 0.15808823529411764 0.0908203125 0.2426470588235294
0 0.7978515625 0.10588235294117647 0.15234375 0.21176470588235294
0 0.85693359375 0.13602941176470587 0.2041015625 0.27205882352941174