0 0.10302734375 0.6647058823529411 0.1064453125 0.22647058823529412
0 0.197265625 0.7029411764705882 0.099609375 0.18382352941176472
0 0.33203125 0.7022058823529411 0.1025390625 0.09117647058823529
0 0.4228515625 0.7404411764705883 0.0576171875 0.15588235294117647
0 0.515625 0.7470588235294118 0.0654296875 0.14411764705882352
0 0.59912109375 0.7639705882352941 0.068359375 0.15294117647058825
0 0.72021484375 0.36470588235294116 0.1181640625 0.17205882352941176
0 0.74267578125 0.31029411764705883 0.0986328125 0.22205882352941175
0 0.7939453125 0.27794117647058825 0.0888671875 0.2411764705882353
0 0.86669921875 0.2286764705882353 0.1494140625 0.26029411764705884
0 0.90673828125 0.2911764705882353 0.1845703125 0.3058823529411765