0 0.1279296875 0.7661764705882353 0.0927734375 0.21470588235294116
0 0.2255859375 0.7786764705882353 0.0888671875 0.17205882352941176
0 0.35791015625 0.7433823529411765 0.0986328125 0.07647058823529412
0 0.45166015625 0.7573529411764706 0.046875 0.1514705882352941
0 0.54345703125 0.7389705882352942 0.056640625 0.13676470588235295
0 0.6279296875 0.7338235294117647 0.0595703125 0.14558823529411766
0 0.701171875 0.3088235294117647 0.1083984375 0.15588235294117647
0 0.71728515625 0.24926470588235294 0.0849609375 0.21029411764705883
0 0.763671875 0.20441176470588235 0.0732421875 0.2323529411764706
0 0.82958984375 0.13676470588235295 0.1337890625 0.2411764705882353
0 0.884765625 0.1860294117647059 0.18359375 0.27941176470588236