0 0.173828125 0.710948905109489 0.17578125 0.19562043795620437
0 0.15478515625 0.9197080291970803 0.072265625 0.15766423357664233
0 0.29443359375 0.39343065693430657 0.1005859375 0.09781021897810219
0 0.33203125 0.6832116788321168 0.130859375 0.16934306569343066
0 0.3779296875 0.2145985401459854 0.068359375 0.12700729927007298
0 0.419921875 0.2240875912408759 0.046875 0.11532846715328467
0 0.4912109375 0.4306569343065693 0.13671875 0.12554744525547445
0 0.63134765625 0.527007299270073 0.1201171875 0.11970802919708029
0 0.6279296875 0.3875912408759124 0.07421875 0.12846715328467154
0 0.64013671875 0.17737226277372262 0.0771484375 0.1416058394160584
0 0.69482421875 0.42043795620437957 0.09765625 0.15766423357664233
0 0.79736328125 0.4992700729927007 0.1181640625 0.10802919708029197