0 0.181640625 0.7364963503649635 0.181640625 0.20875912408759123
0 0.17041015625 0.9313868613138686 0.0791015625 0.1343065693430657
0 0.291015625 0.40948905109489053 0.1044921875 0.10656934306569343
0 0.33837890625 0.6963503649635037 0.13671875 0.17956204379562044
0 0.3681640625 0.22481751824817517 0.0732421875 0.13284671532846715
0 0.41064453125 0.23065693430656933 0.05078125 0.11970802919708029
0 0.48876953125 0.4313868613138686 0.1416015625 0.13576642335766423
0 0.6318359375 0.5167883211678832 0.1240234375 0.12846715328467154
0 0.6240234375 0.3781021897810219 0.078125 0.1343065693430657
0 0.62841796875 0.16715328467153284 0.08203125 0.14744525547445256
0 0.69189453125 0.4051094890510949 0.1025390625 0.16496350364963502
0 0.796875 0.4759124087591241 0.12109375 0.11678832116788321