0 0.150390625 0.5963503649635037 0.2001953125 0.24963503649635035
0 0.1005859375 0.7927007299270074 0.09375 0.1781021897810219
0 0.31591796875 0.327007299270073 0.11328125 0.12992700729927006
0 0.30859375 0.621897810218978 0.1533203125 0.20875912408759123
0 0.42431640625 0.181021897810219 0.0859375 0.14744525547445256
0 0.46337890625 0.20437956204379562 0.0634765625 0.12846715328467154
0 0.501953125 0.4299270072992701 0.15234375 0.1678832116788321
0 0.6240234375 0.5708029197080292 0.134765625 0.15766423357664233
0 0.6416015625 0.4335766423357664 0.091796875 0.15036496350364964
0 0.68505859375 0.23284671532846715 0.0966796875 0.1635036496350365
0 0.7021484375 0.48832116788321167 0.119140625 0.1854014598540146
0 0.7900390625 0.5992700729927007 0.130859375 0.14452554744525548