0 0.022135416666666668 0.634765625 0.044270833333333336 0.212890625
0 0.138671875 0.0537109375 0.09635416666666667 0.09765625
0 0.150390625 0.35888671875 0.23046875 0.2119140625
0 0.15885416666666666 0.169921875 0.08854166666666667 0.0986328125
0 0.23372395833333334 0.01025390625 0.07421875 0.0205078125
0 0.19075520833333334 0.650390625 0.20182291666666666 0.2177734375
0 0.2766927083333333 0.07080078125 0.0859375 0.0986328125
0 0.314453125 0.18994140625 0.08072916666666667 0.1005859375
0 0.3678385416666667 0.015625 0.06901041666666667 0.03125
0 0.3958333333333333 0.38134765625 0.22265625 0.2109375
0 0.416015625 0.08349609375 0.08723958333333333 0.0947265625
0 0.46875 0.20703125 0.08333333333333333 0.1015625
0 0.44140625 0.671875 0.18229166666666666 0.2158203125
0 0.5071614583333334 0.0244140625 0.07161458333333333 0.048828125
0 0.5625 0.09619140625 0.08333333333333333 0.0966796875
0 0.623046875 0.400390625 0.21614583333333334 0.20703125
0 0.6458333333333334 0.0322265625 0.07291666666666667 0.05078125
0 0.623046875 0.22119140625 0.08333333333333333 0.1015625
0 0.7083333333333334 0.1123046875 0.09375 0.099609375
0 0.71484375 0.68994140625 0.23307291666666666 0.2333984375
0 0.771484375 0.0458984375 0.06901041666666667 0.052734375
0 0.7825520833333334 0.2333984375 0.08984375 0.1005859375
0 0.8561197916666666 0.4228515625 0.23046875 0.2138671875
0 0.86328125 0.11962890625 0.09375 0.1025390625
0 0.9114583333333334 0.05517578125 0.0703125 0.046875
0 0.9453125 0.24609375 0.08984375 0.09765625
0 0.9173177083333334 0.70947265625 0.13671875 0.2265625
0 0.978515625 0.138671875 0.040364583333333336 0.103515625
0 0.982421875 0.435546875 0.032552083333333336 0.201171875