0 0.0859375 0.74853515625 0.109375 0.212890625
0 0.1171875 0.4521484375 0.234375 0.22265625
0 0.041666666666666664 0.271484375 0.08333333333333333 0.103515625
0 0.033854166666666664 0.0869140625 0.06770833333333333 0.0546875
0 0.2727864583333333 0.7177734375 0.22265625 0.2255859375
0 0.10286458333333333 0.1484375 0.09505208333333333 0.1015625
0 0.19010416666666666 0.251953125 0.09114583333333333 0.103515625
0 0.16015625 0.06494140625 0.07161458333333333 0.0517578125
0 0.3502604166666667 0.41357421875 0.24348958333333334 0.220703125
0 0.23958333333333334 0.126953125 0.09635416666666667 0.0986328125
0 0.34375 0.23046875 0.09244791666666667 0.1044921875
0 0.5188802083333334 0.6767578125 0.20442708333333334 0.22265625
0 0.2981770833333333 0.04541015625 0.07421875 0.056640625
0 0.3841145833333333 0.10302734375 0.09244791666666667 0.099609375
0 0.5729166666666666 0.3759765625 0.23567708333333334 0.2158203125
0 0.4348958333333333 0.02490234375 0.078125 0.0498046875
0 0.4954427083333333 0.20654296875 0.09244791666666667 0.1044921875
0 0.5286458333333334 0.08251953125 0.10286458333333333 0.1025390625
0 0.7858072916666666 0.62744140625 0.25390625 0.2431640625
0 0.560546875 0.0166015625 0.07421875 0.033203125
0 0.6516927083333334 0.17919921875 0.10026041666666667 0.1044921875
0 0.8033854166666666 0.34033203125 0.25 0.2236328125
0 0.6790364583333334 0.05224609375 0.10546875 0.1044921875
0 0.8111979166666666 0.15087890625 0.09895833333333333 0.1015625
0 0.9518229166666666 0.5966796875 0.09375 0.23046875
0 0.82421875 0.0439453125 0.109375 0.087890625
0 0.9427083333333334 0.31689453125 0.08463541666666667 0.19921875