0 0.014322916666666666 0.03076171875 0.028645833333333332 0.0380859375
0 0.03515625 0.69091796875 0.0625 0.2099609375
0 0.050130208333333336 0.10205078125 0.0859375 0.0927734375
0 0.125 0.40185546875 0.20963541666666666 0.2001953125
0 0.09375 0.21435546875 0.078125 0.0947265625
0 0.13151041666666666 0.03173828125 0.06770833333333333 0.046875
0 0.22591145833333334 0.6845703125 0.17838541666666666 0.2080078125
0 0.19010416666666666 0.10205078125 0.07552083333333333 0.0947265625
0 0.251953125 0.21533203125 0.0703125 0.09765625
0 0.2662760416666667 0.02734375 0.06380208333333333 0.044921875
0 0.3723958333333333 0.39501953125 0.20182291666666666 0.2001953125
0 0.330078125 0.0986328125 0.07682291666666667 0.0908203125
0 0.408203125 0.21435546875 0.07291666666666667 0.09765625
0 0.4778645833333333 0.6767578125 0.16015625 0.20703125
0 0.40625 0.0263671875 0.06510416666666667 0.0498046875
0 0.4778645833333333 0.09375 0.07291666666666667 0.0927734375
0 0.6009114583333334 0.38720703125 0.1953125 0.1962890625
0 0.5462239583333334 0.0224609375 0.06901041666666667 0.044921875
0 0.5631510416666666 0.21044921875 0.07291666666666667 0.09765625
0 0.625 0.0927734375 0.08333333333333333 0.0947265625
0 0.751953125 0.66259765625 0.20833333333333334 0.2216796875
0 0.6744791666666666 0.0224609375 0.06510416666666667 0.044921875
0 0.7233072916666666 0.20361328125 0.07942708333333333 0.0966796875
0 0.8352864583333334 0.38232421875 0.20963541666666666 0.2021484375
0 0.779296875 0.08154296875 0.08333333333333333 0.09765625
0 0.8138020833333334 0.01708984375 0.06770833333333333 0.0341796875
0 0.88671875 0.19677734375 0.07942708333333333 0.09375
0 0.94921875 0.658203125 0.09895833333333333 0.22265625
0 0.9264322916666666 0.08349609375 0.08723958333333333 0.09765625
0 0.9485677083333334 0.015625 0.05859375 0.03125
0 0.978515625 0.37744140625 0.0390625 0.19921875